-3.9  -3.9  -70.71067811865474  70.71067811865476
-3.9  -2.9  -59.67027663445607  80.24623409461334
-3.9  -1.9  -43.79694232796954  89.89898688372695
-3.9  -0.9  -22.485950669875834  97.43911956946198
-3.9  0.1  2.563260079255083  99.96714309094811
-3.9  1.1  27.146016502180625  96.24496759864039
-3.9  2.1  47.40998230350176  88.04710999221751
-3.9  3.1  62.22441255753678  78.28232547561078
-3.9  4.1  72.45580616896932  68.92137659975131
-2.9  -3.9  -80.24623409461333  59.6702766344561
-2.9  -2.9  -70.71067811865474  70.71067811865476
-2.9  -1.9  -54.80262573108728  83.64611295797533
-2.9  -0.9  -29.639921487245267  95.50641368112373
-2.9  0.1  3.4462275839778878  99.94059993535875
-2.9  1.1  35.46542341205386  93.49975263177835
-2.9  2.1  58.65098121518428  80.99421215430212
-2.9  3.1  73.02714135188955  68.31571287757409
-2.9  4.1  81.64156395068652  57.746472062680716
-1.9  -3.9  -89.89898688372693  43.79694232796956
-1.9  -2.9  -83.64611295797533  54.8026257310873
-1.9  -1.9  -70.71067811865474  70.71067811865476
-1.9  -0.9  -42.80863447390444  90.37378388935389
-1.9  0.1  5.255883312276374  99.86178293325098
-1.9  1.1  50.10362705417046  86.54262854811262
-1.9  2.1  74.15357791237712  67.09133239691262
-1.9  3.1  85.26012524109427  52.25620579292874
-1.9  4.1  90.7310606533781  42.04610127839472
-0.9  -3.9  -97.43911956946198  22.48595066987585
-0.9  -2.9  -95.50641368112372  29.639921487245285
-0.9  -1.9  -90.37378388935386  42.8086344739045
-0.9  -0.9  -70.71067811865474  70.71067811865476
-0.9  0.1  11.04315260748466  99.38837346736189
-0.9  1.1  77.39572992033212  63.32377902572626
-0.9  2.1  91.9145030018058  39.391929857916764
-0.9  3.1  96.03462267536241  27.88101948639554
-0.9  4.1  97.67443431718839  21.440729484260867
0.1  -3.9  -99.96714309094811  -2.563260079255087
0.1  -2.9  -99.94059993535875  -3.446227583977869
0.1  -1.9  -99.86178293325098  -5.2558833122763335
0.1  -0.9  -99.38837346736189  -11.043152607484664
0.1  0.1  70.71067811865476  -70.71067811865476
0.1  1.1  99.58932064677039  -9.053574604251853
0.1  2.1  99.88681377244376  -4.756514941544941
0.1  3.1  99.94801143396995  -3.224129401095805
0.1  4.1  99.970269064305  -2.438299245470854
1.1  -3.9  -96.24496759864039  -27.146016502180633
1.1  -2.9  -93.49975263177835  -35.465423412053866
1.1  -1.9  -86.54262854811262  -50.10362705417046
1.1  -0.9  -63.32377902572629  -77.39572992033207
1.1  0.1  9.053574604251862  -99.58932064677039
1.1  1.1  70.71067811865476  -70.71067811865476
1.1  2.1  88.58315352801554  -46.40069946705576
1.1  3.1  94.24277454812464  -33.440984517076494
1.1  4.1  96.58428372346683  -25.91285660873501
2.1  -3.9  -88.04710999221751  -47.409982303501764
2.1  -2.9  -80.99421215430212  -58.650981215184274
2.1  -1.9  -67.09133239691262  -74.15357791237712
2.1  -0.9  -39.39192985791678  -91.91450300180578
2.1  0.1  4.756514941544941  -99.88681377244376
2.1  1.1  46.40069946705576  -88.58315352801553
2.1  2.1  70.71067811865476  -70.71067811865476
2.1  3.1  82.79186904883319  -56.08481451695152
2.1  4.1  89.00433648586652  -45.58758698056578
3.1  -3.9  -78.28232547561078  -62.224412557536766
3.1  -2.9  -68.31571287757411  -73.02714135188954
3.1  -1.9  -52.25620579292873  -85.26012524109427
3.1  -0.9  -27.881019486395502  -96.03462267536243
3.1  0.1  3.224129401095795  -99.94801143396997
3.1  1.1  33.440984517076494  -94.24277454812464
3.1  2.1  56.08481451695152  -82.7918690488332
3.1  3.1  70.71067811865476  -70.71067811865476
3.1  4.1  79.76593312819867  -60.31082748717461
4.1  -3.9  -68.92137659975131  -72.45580616896933
4.1  -2.9  -57.746472062680695  -81.64156395068652
4.1  -1.9  -42.046101278394744  -90.73106065337808
4.1  -0.9  -21.4407294842609  -97.67443431718837
4.1  0.1  2.438299245470853  -99.970269064305
4.1  1.1  25.91285660873501  -96.58428372346683
4.1  2.1  45.58758698056578  -89.00433648586652
4.1  3.1  60.31082748717461  -79.76593312819867
4.1  4.1  70.71067811865476  -70.71067811865476
