0.00   0.0000
0.01   0.0628
0.02   0.1253
0.03   0.1874
0.04   0.2487
0.05   0.3090
0.06   0.3681
0.07   0.4258
0.08   0.4818
0.09   0.5358
0.10   0.5878
0.11   0.6374
0.12   0.6845
0.13   0.7290
0.14   0.7705
0.15   0.8090
0.16   0.8443
0.17   0.8763
0.18   0.9048
0.19   0.9298
0.20   0.9511
0.21   0.9686
0.22   0.9823
0.23   0.9921
0.24   0.9980
0.25   1.0000
0.26   0.9980
0.27   0.9921
0.28   0.9823
0.29   0.9686
0.30   0.9511
0.31   0.9298
0.32   0.9048
0.33   0.8763
0.34   0.8443
0.35   0.8090
0.36   0.7705
0.37   0.7290
0.38   0.6845
0.39   0.6374
0.40   0.5878
0.41   0.5358
0.42   0.4818
0.43   0.4258
0.44   0.3681
0.45   0.3090
0.46   0.2487
0.47   0.1874
0.48   0.1253
0.49   0.0628
0.50   0.0000
0.51   -0.0628
0.52   -0.1253
0.53   -0.1874
0.54   -0.2487
0.55   -0.3090
0.56   -0.3681
0.57   -0.4258
0.58   -0.4818
0.59   -0.5358
0.60   -0.5878
0.61   -0.6374
0.62   -0.6845
0.63   -0.7290
0.64   -0.7705
0.65   -0.8090
0.66   -0.8443
0.67   -0.8763
0.68   -0.9048
0.69   -0.9298
0.70   -0.9511
0.71   -0.9686
0.72   -0.9823
0.73   -0.9921
0.74   -0.9980
0.75   -1.0000
0.76   -0.9980
0.77   -0.9921
0.78   -0.9823
0.79   -0.9686
0.80   -0.9511
0.81   -0.9298
0.82   -0.9048
0.83   -0.8763
0.84   -0.8443
0.85   -0.8090
0.86   -0.7705
0.87   -0.7290
0.88   -0.6845
0.89   -0.6374
0.90   -0.5878
0.91   -0.5358
0.92   -0.4818
0.93   -0.4258
0.94   -0.3681
0.95   -0.3090
0.96   -0.2487
0.97   -0.1874
0.98   -0.1253
0.99   -0.0628
1.00   -0.0000
