0.00   0.9933   -0.0184   0.0471   "A^0_i"
0.05   0.9890   -0.0568   0.0590   "B^1_i"
0.10   0.9820   -0.0364   0.0797   "C^2_i"
0.15   0.9707   -0.0208   0.0676   "D^3_i"
0.20   0.9526   -0.0405   0.0121   "E^4_i"
0.25   0.9241   -0.0682   0.0036   "F^5_i"
0.30   0.8808   -0.1456   0.0800   "G^6_i"
0.35   0.8176   -0.0181   0.0601   "H^7_i"
0.40   0.7311   -0.0731   0.0351   "I^8_i"
0.45   0.6225   -0.0131   0.0476   "J^9_i"
0.50   0.5000   -0.0466   0.0558   "K^{10}_i"
0.55   0.3775   -0.0212   0.0125   "L^{11}_i"
0.60   0.2689   -0.0225   0.0634   "M^{12}_i"
0.65   0.1824   -0.1557   0.0473   "N^{13}_i"
0.70   0.1192   -0.0306   0.1059   "O^{14}_i"
0.75   0.0759   -0.0313   0.0098   "P^{15}_i"
0.80   0.0474   -0.0922   0.1806   "Q^{16}_i"
0.85   0.0293   -0.0284   0.0617   "R^{17}_i"
0.90   0.0180   -0.0377   0.0571   "S^{18}_i"
0.95   0.0110   -0.0626   0.1374   "T^{19}_i"
1.00   0.0067   -0.0919   0.1522   "U^{20}_i"
