5.0  5.0  1000.0  0.7853981633974483
5.0  15.0  1000.0  0.3217505543966422
5.0  25.0  1000.0  0.19739555984988078
5.0  35.0  1000.0  0.1418970546041639
5.0  45.0  1000.0  0.11065722117389563
5.0  55.0  1000.0  0.09065988720074511
5.0  65.0  1000.0  0.07677189126977804
15.0  5.0  1000.0  1.2490457723982544
15.0  15.0  1000.0  0.7853981633974483
15.0  25.0  1000.0  0.5404195002705842
15.0  35.0  1000.0  0.4048917862850834
15.0  45.0  1000.0  0.3217505543966422
15.0  55.0  1000.0  0.2662520491509253
15.0  65.0  1000.0  0.2267988480538859
25.0  5.0  1000.0  1.373400766945016
25.0  15.0  1000.0  1.0303768265243125
25.0  25.0  1000.0  0.7853981633974483
25.0  35.0  1000.0  0.6202494859828215
25.0  45.0  1000.0  0.507098504392337
25.0  55.0  1000.0  0.4266274931268761
25.0  65.0  1000.0  0.3671738338182192
35.0  5.0  1000.0  1.4288992721907328
35.0  15.0  1000.0  1.1659045405098132
35.0  25.0  1000.0  0.9505468408120751
35.0  35.0  1000.0  0.7853981633974483
35.0  45.0  1000.0  0.6610431688506868
35.0  55.0  1000.0  0.5667292175235064
35.0  65.0  1000.0  0.4939413689195812
45.0  5.0  1000.0  1.460139105621001
45.0  15.0  1000.0  1.2490457723982544
45.0  25.0  1000.0  1.0636978224025597
45.0  35.0  1000.0  0.9097531579442097
45.0  45.0  1000.0  0.7853981633974483
45.0  55.0  1000.0  0.6857295109062863
45.0  65.0  1000.0  0.6055446636049701
55.0  5.0  1000.0  1.4801364395941514
55.0  15.0  1000.0  1.3045442776439713
55.0  25.0  1000.0  1.1441688336680205
55.0  35.0  1000.0  1.0040671092713902
55.0  45.0  1000.0  0.8850668158886104
55.0  55.0  1000.0  0.7853981633974483
55.0  65.0  1000.0  0.702256931509007
65.0  5.0  1000.0  1.4940244355251187
65.0  15.0  1000.0  1.3439974787410107
65.0  25.0  1000.0  1.2036224929766774
65.0  35.0  1000.0  1.0768549578753155
65.0  45.0  1000.0  0.9652516631899266
65.0  55.0  1000.0  0.8685393952858895
65.0  65.0  1000.0  0.7853981633974483
