0.00   1.0000   -0.1789   0.2545
0.04   0.9686   -0.2201   0.1192
0.08   0.8763   -0.0844   0.0444
0.12   0.7290   -0.1178   0.2482
0.16   0.5358   -0.0827   0.2147
0.20   0.3090   -0.0840   0.0246
0.24   0.0628   -0.2461   0.0959
0.28   -0.1874   -0.0529   0.2495
0.32   -0.4258   -0.1970   0.3872
0.36   -0.6374   -0.2359   0.2994
0.40   -0.8090   -0.1845   0.2668
0.44   -0.9298   -0.1862   0.0340
0.48   -0.9921   -0.0603   0.1445
0.52   -0.9921   -0.1600   0.2085
0.56   -0.9298   -0.1603   0.0415
0.60   -0.8090   -0.0506   0.0684
0.64   -0.6374   -0.2628   0.0174
0.68   -0.4258   -0.0252   0.0585
0.72   -0.1874   -0.1442   0.0478
0.76   0.0628   -0.0546   0.2050
0.80   0.3090   -0.0139   0.0279
0.84   0.5358   -0.3922   0.0346
0.88   0.7290   -0.1349   0.2661
0.92   0.8763   -0.2517   0.1066
0.96   0.9686   -0.0132   0.0138
1.00   1.0000   -0.0502   0.0783
