0.0000   -0.3090   -0.5878   -0.8090
0.2487   -0.0628   -0.3681   -0.6374
0.4818   0.1874   -0.1253   -0.4258
0.6845   0.4258   0.1253   -0.1874
0.8443   0.6374   0.3681   0.0628
0.9511   0.8090   0.5878   0.3090
0.9980   0.9298   0.7705   0.5358
0.9823   0.9921   0.9048   0.7290
0.9048   0.9921   0.9823   0.8763
0.7705   0.9298   0.9980   0.9686
0.5878   0.8090   0.9511   1.0000
0.3681   0.6374   0.8443   0.9686
0.1253   0.4258   0.6845   0.8763
-0.1253   0.1874   0.4818   0.7290
-0.3681   -0.0628   0.2487   0.5358
-0.5878   -0.3090   0.0000   0.3090
-0.7705   -0.5358   -0.2487   0.0628
-0.9048   -0.7290   -0.4818   -0.1874
-0.9823   -0.8763   -0.6845   -0.4258
-0.9980   -0.9686   -0.8443   -0.6374
-0.9511   -1.0000   -0.9511   -0.8090
-0.8443   -0.9686   -0.9980   -0.9298
-0.6845   -0.8763   -0.9823   -0.9921
-0.4818   -0.7290   -0.9048   -0.9921
-0.2487   -0.5358   -0.7705   -0.9298
-0.0000   -0.3090   -0.5878   -0.8090
