0.00   0.0000   0.0000   0.0000   0.0000
0.04   0.1492   0.1990   0.2487   0.2984
0.08   0.2891   0.3854   0.4818   0.5781
0.12   0.4107   0.5476   0.6845   0.8215
0.16   0.5066   0.6755   0.8443   1.0132
0.20   0.5706   0.7608   0.9511   1.1413
0.24   0.5988   0.7984   0.9980   1.1976
0.28   0.5894   0.7858   0.9823   1.1787
0.32   0.5429   0.7239   0.9048   1.0858
0.36   0.4623   0.6164   0.7705   0.9246
0.40   0.3527   0.4702   0.5878   0.7053
0.44   0.2209   0.2945   0.3681   0.4417
0.48   0.0752   0.1003   0.1253   0.1504
0.52   -0.0752   -0.1003   -0.1253   -0.1504
0.56   -0.2209   -0.2945   -0.3681   -0.4417
0.60   -0.3527   -0.4702   -0.5878   -0.7053
0.64   -0.4623   -0.6164   -0.7705   -0.9246
0.68   -0.5429   -0.7239   -0.9048   -1.0858
0.72   -0.5894   -0.7858   -0.9823   -1.1787
0.76   -0.5988   -0.7984   -0.9980   -1.1976
0.80   -0.5706   -0.7608   -0.9511   -1.1413
0.84   -0.5066   -0.6755   -0.8443   -1.0132
0.88   -0.4107   -0.5476   -0.6845   -0.8215
0.92   -0.2891   -0.3854   -0.4818   -0.5781
0.96   -0.1492   -0.1990   -0.2487   -0.2984
1.00   -0.0000   -0.0000   -0.0000   -0.0000
